time, altitude, velocity
0,3.4145e+05,-21.728
0.01,3.4301e+05,-21.038
0.02,3.4457e+05,-20.808
0.04,3.477e+05,-20.501
0.04,3.477e+05,-20.501
0.042,3.4801e+05,-20.501
0.05,3.492e+05,-20.501
0.06,3.5069e+05,-20.616
0.07,3.5217e+05,-20.731
0.08,3.5366e+05,-21.114
0.085,3.544e+05,-20.961
0.09,3.5535e+05,-20.808
0.1,3.5724e+05,-20.501
0.11,3.5913e+05,-20.195
0.12,3.6102e+05,-20.118
0.13,3.6292e+05,-20.731
0.131,3.631e+05,-20.804
0.14,3.6463e+05,-21.459
0.15,3.6633e+05,-21.038
0.16,3.6802e+05,-20.425
0.17,3.6972e+05,-20.616
0.174,3.7039e+05,-20.739
0.18,3.7132e+05,-20.923
0.19,3.7288e+05,-20.846
0.2,3.7443e+05,-20.808
0.21,3.7598e+05,-20.118
0.217,3.7706e+05,-20.199
0.22,3.7757e+05,-20.233
0.24,3.8097e+05,-20.731
0.24,3.8097e+05,-20.731
0.25,3.8267e+05,-20.31
0.26,3.8436e+05,-20.54
0.27,3.8606e+05,-20.616
0.28,3.8775e+05,-20.003
0.29,3.8945e+05,-20.233
0.3,3.9115e+05,-19.927
0.302,3.9149e+05,-20.026
0.31,3.93e+05,-20.425
0.32,3.9488e+05,-20.233
0.33,3.9677e+05,-20.233
0.34,3.9865e+05,-20.118
0.345,3.996e+05,-19.754
0.35,4.0027e+05,-19.39
0.36,4.0162e+05,-20.731
0.37,4.0297e+05,-20.233
0.38,4.0432e+05,-20.003
0.388,4.054e+05,-20.095
0.39,4.0574e+05,-20.118
0.4,4.0744e+05,-20.731
0.41,4.0914e+05,-20.54
0.42,4.1084e+05,-20.31
0.43,4.1254e+05,-20.118
0.431,4.1271e+05,-20.045
0.44,4.1407e+05,-19.39
0.45,4.1558e+05,-19.927
0.46,4.1709e+05,-20.233
0.47,4.186e+05,-20.118
0.473,4.1905e+05,-19.992
0.48,4.2033e+05,-19.697
0.49,4.2216e+05,-19.927
0.5,4.2399e+05,-19.927
0.51,4.2582e+05,-19.773
0.516,4.2692e+05,-19.474
0.52,4.2756e+05,-19.275
0.53,4.2916e+05,-19.773
0.54,4.3076e+05,-19.467
0.55,4.3236e+05,-19.275
0.559,4.338e+05,-19.172
0.56,4.3395e+05,-19.16
0.57,4.3545e+05,-18.854
0.58,4.3695e+05,-19.16
0.59,4.3845e+05,-19.467
0.6,4.3995e+05,-19.352
0.602,4.4025e+05,-19.352
0.61,4.4155e+05,-19.352
0.62,4.4317e+05,-19.658
0.63,4.448e+05,-19.812
0.64,4.4642e+05,-19.39
0.645,4.4723e+05,-19.524
0.65,4.4803e+05,-19.658
0.66,4.4961e+05,-19.582
0.67,4.5119e+05,-19.582
0.68,4.5278e+05,-19.39
0.688,4.5404e+05,-19.206
0.69,4.5436e+05,-19.16
0.7,4.5593e+05,-19.582
0.71,4.5751e+05,-19.582
0.72,4.5908e+05,-19.697
0.73,4.6065e+05,-19.467
0.733,4.6113e+05,-19.467
0.74,4.624e+05,-19.467
0.75,4.6421e+05,-19.467
0.76,4.6603e+05,-19.39
0.77,4.6784e+05,-19.467
0.776,4.6893e+05,-19.168
0.78,4.6958e+05,-18.969
0.79,4.7118e+05,-18.854
0.8,4.7278e+05,-18.777
0.81,4.7439e+05,-19.16
0.818,4.7567e+05,-19.099
0.82,4.7597e+05,-19.084
0.83,4.7745e+05,-19.39
0.84,4.7893e+05,-19.16
0.85,4.8042e+05,-18.969
0.86,4.819e+05,-19.16
0.861,4.8205e+05,-19.16
0.87,4.832e+05,-19.16
0.88,4.8447e+05,-19.39
0.89,4.8575e+05,-18.815
0.9,4.8702e+05,-19.084
0.904,4.8753e+05,-19.007
0.91,4.8861e+05,-18.892
0.92,4.9041e+05,-18.969
0.93,4.9221e+05,-19.16
0.94,4.9401e+05,-18.585
0.947,4.9527e+05,-18.8
0.95,4.9573e+05,-18.892
0.96,4.9728e+05,-18.815
0.97,4.9882e+05,-18.7
0.98,5.0036e+05,-18.585
0.989,5.0175e+05,-18.827
0.99,5.0188e+05,-18.854
1,5.032e+05,-18.815
1.01,5.0452e+05,-18.815
1.02,5.0585e+05,-18.585
1.03,5.0717e+05,-18.585
1.032,5.0743e+05,-18.57
1.04,5.0872e+05,-18.777
1.04,5.0872e+05,-18.777
1.05,5.1033e+05,-18.892
1.06,5.1195e+05,-18.815
1.07,5.1356e+05,-18.815
1.075,5.1437e+05,-18.758
1.08,5.1508e+05,-18.7
1.09,5.1651e+05,-18.854
1.1,5.1793e+05,-18.394
1.11,5.1936e+05,-18.279
1.118,5.205e+05,-18.279
1.13,5.2236e+05,-18.585
1.13,5.2236e+05,-18.585
1.14,5.2392e+05,-18.585
1.15,5.2547e+05,-18.585
1.16,5.2702e+05,-18.394
1.161,5.2718e+05,-18.394
1.17,5.2857e+05,-18.394
1.18,5.3012e+05,-17.972
1.19,5.3167e+05,-18.7
1.2,5.3322e+05,-18.585
1.203,5.3368e+05,-18.62
1.21,5.3474e+05,-18.7
1.22,5.3625e+05,-18.815
1.23,5.3777e+05,-18.7
1.24,5.3928e+05,-19.007
1.246,5.4019e+05,-18.892
1.25,5.4075e+05,-18.815
1.26,5.4216e+05,-18.7
1.27,5.4357e+05,-18.815
1.28,5.4498e+05,-18.7
1.289,5.4625e+05,-18.7
1.29,5.4641e+05,-18.7
1.3,5.4803e+05,-18.394
1.31,5.4965e+05,-18.049
1.32,5.5127e+05,-18.049
1.33,5.5289e+05,-18.049
1.332,5.5321e+05,-17.949
1.34,5.5447e+05,-17.551
1.35,5.5604e+05,-17.551
1.36,5.5761e+05,-18.049
1.37,5.5918e+05,-17.972
1.377,5.6028e+05,-18.267
1.38,5.6069e+05,-18.394
1.39,5.6207e+05,-17.972
1.41,5.6483e+05,-17.972
1.41,5.6483e+05,-17.972
1.419,5.6608e+05,-18.248
1.42,5.662e+05,-18.279
1.43,5.6745e+05,-18.202
1.44,5.6869e+05,-17.857
1.45,5.6993e+05,-17.857
1.46,5.7118e+05,-17.742
1.462,5.7143e+05,-17.742
1.47,5.7276e+05,-17.742
1.48,5.7442e+05,-18.202
1.49,5.7609e+05,-18.279
1.5,5.7776e+05,-17.857
1.505,5.7859e+05,-17.761
1.51,5.7921e+05,-17.666
1.52,5.8046e+05,-17.666
1.53,5.817e+05,-17.551
1.54,5.8295e+05,-17.321
1.548,5.8394e+05,-17.505
1.55,5.8424e+05,-17.551
1.56,5.8574e+05,-18.202
1.57,5.8724e+05,-18.279
1.58,5.8874e+05,-17.742
1.59,5.9024e+05,-17.666
1.591,5.9039e+05,-17.666
1.6,5.916e+05,-17.666
1.61,5.9294e+05,-17.666
1.62,5.9428e+05,-17.666
1.63,5.9562e+05,-17.742
1.633,5.9603e+05,-17.742
1.64,5.9711e+05,-17.742
1.65,5.9865e+05,-18.049
1.66,6.002e+05,-17.742
1.67,6.0174e+05,-18.049
1.676,6.0267e+05,-17.865
1.68,6.0329e+05,-17.742
1.69,6.0486e+05,-17.666
1.7,6.0642e+05,-17.742
1.71,6.0799e+05,-17.551
1.719,6.094e+05,-17.447
1.72,6.0953e+05,-17.436
1.73,6.1089e+05,-17.666
1.74,6.1224e+05,-17.436
1.75,6.136e+05,-17.857
1.76,6.1495e+05,-17.742
1.762,6.1522e+05,-17.681
1.77,6.1639e+05,-17.436
1.78,6.1784e+05,-17.053
1.79,6.1929e+05,-17.436
1.8,6.2075e+05,-18.049
1.804,6.2133e+05,-17.896
1.81,6.2215e+05,-17.666
1.82,6.2353e+05,-17.321
1.83,6.2491e+05,-17.129
1.84,6.2629e+05,-17.321
1.847,6.2725e+05,-17.348
1.85,6.2769e+05,-17.359
1.86,6.2915e+05,-16.823
1.87,6.3062e+05,-17.244
1.88,6.3208e+05,-17.666
1.89,6.3354e+05,-17.551
1.9,6.3484e+05,-17.129
1.91,6.3613e+05,-16.823
1.92,6.3743e+05,-17.129
1.93,6.3872e+05,-17.129
1.933,6.3911e+05,-17.072
1.94,6.399e+05,-16.938
1.95,6.4103e+05,-17.321
1.96,6.4216e+05,-17.129
1.97,6.4329e+05,-17.436
1.975,6.4386e+05,-17.34
1.98,6.4451e+05,-17.244
1.99,6.4582e+05,-17.244
2,6.4713e+05,-17.053
2.01,6.4844e+05,-17.244
2.02,6.4975e+05,-17.244
2.021,6.4988e+05,-17.194
2.03,6.512e+05,-16.746
2.04,6.5266e+05,-16.938
2.05,6.5411e+05,-17.436
2.05,6.5411e+05,-17.436
2.06,6.5557e+05,-17.359
2.063,6.5601e+05,-17.29
2.07,6.5698e+05,-17.129
2.08,6.5836e+05,-17.244
2.1,6.6113e+05,-17.129
2.1,6.6113e+05,-17.129
2.106,6.6196e+05,-17.106
2.12,6.6389e+05,-17.129
2.12,6.6389e+05,-17.129
2.13,6.6527e+05,-17.129
2.149,6.679e+05,-17.238
2.15,6.6805e+05,-17.551
2.15,6.6805e+05,-17.551
2.16,6.695e+05,-17.359
2.17,6.7094e+05,-17.129
2.18,6.7239e+05,-16.861
2.19,6.7384e+05,-16.746
2.192,6.7413e+05,-16.784
2.2,6.753e+05,-16.938
2.21,6.7676e+05,-17.359
2.22,6.7822e+05,-16.861
2.23,6.7968e+05,-16.631
2.234,6.8027e+05,-16.754
2.24,6.81e+05,-16.938
2.25,6.8221e+05,-16.631
2.26,6.8343e+05,-16.938
2.27,6.8464e+05,-17.053
2.277,6.8549e+05,-16.972
2.28,6.8588e+05,-16.938
2.29,6.8716e+05,-16.938
2.3,6.8844e+05,-16.861
2.32,6.91e+05,-16.631
2.32,6.91e+05,-16.631
2.33,6.9219e+05,-16.516
2.34,6.9339e+05,-16.286
2.35,6.9458e+05,-16.286
2.36,6.9578e+05,-16.286
2.363,6.9613e+05,-16.171
2.37,6.9716e+05,-15.903
2.38,6.9862e+05,-15.98
2.39,7.0009e+05,-16.171
2.4,7.0155e+05,-16.286
2.405,7.0229e+05,-16.286
2.41,7.0289e+05,-16.286
2.42,7.0411e+05,-16.746
2.43,7.0533e+05,-16.631
2.44,7.0655e+05,-16.631
2.448,7.0752e+05,-16.631
2.45,7.078e+05,-16.631
2.46,7.0919e+05,-16.516
2.47,7.1058e+05,-16.861
2.48,7.1197e+05,-16.746
2.49,7.1336e+05,-16.746
2.491,7.135e+05,-16.723
2.5,7.1463e+05,-16.516
2.51,7.159e+05,-16.286
2.52,7.1716e+05,-16.209
2.53,7.1842e+05,-16.631
2.534,7.1892e+05,-16.554
2.54,7.1974e+05,-16.439
2.55,7.211e+05,-16.286
2.56,7.2246e+05,-16.286
2.57,7.2381e+05,-16.095
2.576,7.2463e+05,-16.278
2.58,7.2513e+05,-16.401
2.59,7.2637e+05,-16.439
2.6,7.2761e+05,-16.095
2.61,7.2885e+05,-16.286
2.619,7.2997e+05,-16.01
2.62,7.301e+05,-15.98
2.63,7.3141e+05,-16.095
2.64,7.3272e+05,-16.516
2.65,7.3403e+05,-16.401
2.66,7.3534e+05,-16.516
2.664,7.3586e+05,-16.271
2.67,7.3658e+05,-15.903
2.68,7.3776e+05,-15.865
2.69,7.3895e+05,-16.171
2.7,7.4013e+05,-15.98
2.706,7.4084e+05,-16.049
2.71,7.413e+05,-16.095
2.72,7.4244e+05,-16.095
2.73,7.4359e+05,-15.865
2.74,7.4473e+05,-16.171
2.75,7.4588e+05,-16.095
2.76,7.4702e+05,-16.095
2.77,7.4845e+05,-15.98
2.78,7.4988e+05,-15.903
2.79,7.5131e+05,-15.788
2.8,7.5274e+05,-15.788
2.802,7.5302e+05,-15.788
2.81,7.5398e+05,-15.788
2.82,7.5519e+05,-15.788
2.83,7.5639e+05,-16.095
2.84,7.5759e+05,-16.209
2.845,7.5819e+05,-16.095
2.85,7.5876e+05,-15.98
2.86,7.599e+05,-16.095
2.87,7.6104e+05,-15.903
2.88,7.6217e+05,-15.673
2.888,7.6309e+05,-15.581
2.89,7.6335e+05,-15.558
2.9,7.647e+05,-15.673
2.91,7.6604e+05,-15.788
2.92,7.6738e+05,-15.98
2.93,7.6872e+05,-15.903
2.94,7.6989e+05,-15.673
2.95,7.7105e+05,-15.673
2.96,7.7221e+05,-15.673
2.97,7.7337e+05,-15.788
2.973,7.7372e+05,-15.845
2.98,7.7464e+05,-15.98
2.99,7.7595e+05,-15.788
3,7.7726e+05,-15.788
3.01,7.7857e+05,-15.903
3.016,7.7936e+05,-15.903
3.02,7.7985e+05,-15.903
3.03,7.8109e+05,-15.903
3.04,7.8232e+05,-15.673
3.05,7.8356e+05,-15.558
3.058,7.8454e+05,-15.558
3.06,7.8475e+05,-15.558
3.07,7.8581e+05,-15.673
3.08,7.8687e+05,-15.481
3.09,7.8792e+05,-15.711
3.1,7.8898e+05,-15.903
3.101,7.8908e+05,-15.891
3.11,7.903e+05,-15.788
3.12,7.9166e+05,-15.788
3.13,7.9302e+05,-15.788
3.14,7.9438e+05,-15.711
3.144,7.9492e+05,-15.65
3.15,7.9559e+05,-15.711
3.15,7.9559e+05,-15.711
3.16,7.9671e+05,-15.673
3.17,7.9783e+05,-15.711
3.18,7.9896e+05,-15.558
3.187,7.9974e+05,-15.639
3.19,8.0006e+05,-15.673
3.21,8.0218e+05,-15.481
3.21,8.0218e+05,-15.481
3.22,8.0324e+05,-15.366
3.229,8.0419e+05,-15.28
3.24,8.0559e+05,-15.481
3.24,8.0559e+05,-15.481
3.25,8.0687e+05,-15.481
3.26,8.0814e+05,-15.481
3.27,8.0941e+05,-15.711
3.272,8.0967e+05,-15.727
3.28,8.1064e+05,-15.788
3.29,8.1186e+05,-15.98
3.3,8.1308e+05,-15.596
3.31,8.1429e+05,-15.558
3.317,8.1515e+05,-15.504
3.32,8.1545e+05,-15.481
3.33,8.1647e+05,-15.596
3.34,8.1748e+05,-15.481
3.35,8.185e+05,-15.558
3.36,8.1951e+05,-15.481
3.37,8.2068e+05,-15.673
3.38,8.2186e+05,-15.481
3.39,8.2303e+05,-15.29
3.402,8.2444e+05,-15.29
3.41,8.2544e+05,-15.29
3.41,8.2544e+05,-15.29
3.42,8.2669e+05,-15.366
3.43,8.2795e+05,-15.06
3.44,8.292e+05,-15.366
3.445,8.2983e+05,-15.366
3.45,8.304e+05,-15.366
3.46,8.3155e+05,-15.29
3.47,8.327e+05,-15.366
3.48,8.3384e+05,-15.481
3.488,8.3476e+05,-15.328
3.49,8.3501e+05,-15.29
3.5,8.3625e+05,-14.868
3.51,8.3749e+05,-15.29
3.52,8.3873e+05,-15.29
3.53,8.3997e+05,-15.29
3.54,8.4103e+05,-15.366
3.55,8.4209e+05,-15.29
3.56,8.4316e+05,-15.481
3.57,8.4422e+05,-15.366
3.573,8.4454e+05,-15.366
3.58,8.4529e+05,-15.366
3.59,8.4638e+05,-15.175
3.6,8.4746e+05,-15.29
3.61,8.4854e+05,-15.366
3.616,8.4919e+05,-15.114
3.62,8.4968e+05,-14.945
3.63,8.5089e+05,-14.868
3.64,8.5211e+05,-15.175
3.65,8.5332e+05,-15.06
3.659,8.5441e+05,-14.956
3.66,8.5453e+05,-14.945
3.67,8.5566e+05,-15.29
3.68,8.5679e+05,-15.175
3.69,8.5792e+05,-15.175
3.7,8.5906e+05,-15.06
3.701,8.5917e+05,-15.071
3.71,8.6028e+05,-15.175
3.72,8.6152e+05,-15.06
3.73,8.6275e+05,-15.29
3.74,8.6399e+05,-15.175
3.744,8.6449e+05,-15.251
3.75,8.6514e+05,-15.366
3.76,8.6622e+05,-15.29
3.77,8.6731e+05,-15.29
3.78,8.6839e+05,-15.06
3.787,8.6915e+05,-15.274
3.79,8.6945e+05,-15.366
3.8,8.7042e+05,-15.06
3.81,8.714e+05,-14.945
3.82,8.7238e+05,-14.715
3.83,8.7336e+05,-14.868
3.84,8.7433e+05,-15.06
3.85,8.7531e+05,-15.29
3.86,8.7629e+05,-15.175
3.87,8.7727e+05,-14.638
3.872,8.7747e+05,-14.7
3.88,8.7846e+05,-14.945
3.89,8.797e+05,-15.175
3.9,8.8093e+05,-14.868
3.91,8.8217e+05,-14.638
3.915,8.8279e+05,-14.792
3.92,8.8337e+05,-14.945
3.93,8.8454e+05,-14.868
3.94,8.857e+05,-14.638
3.95,8.8687e+05,-14.945
3.96,8.8803e+05,-14.945
3.97,8.8916e+05,-14.792
3.98,8.9029e+05,-14.868
3.99,8.9143e+05,-14.945
4,8.9256e+05,-14.792
4.003,8.929e+05,-14.746
4.01,8.9367e+05,-14.638
4.02,8.9478e+05,-14.945
4.03,8.9589e+05,-14.715
4.04,8.97e+05,-14.523
4.046,8.9767e+05,-14.73
4.05,8.9807e+05,-14.868
4.06,8.9907e+05,-14.868
4.07,9.0008e+05,-14.638
4.08,9.0108e+05,-14.868
4.088,9.0188e+05,-15.114
4.09,9.0211e+05,-15.175
4.1,9.0322e+05,-14.983
4.11,9.0433e+05,-14.983
4.12,9.0544e+05,-14.792
4.13,9.0655e+05,-14.523
4.131,9.0666e+05,-14.523
4.14,9.0753e+05,-14.523
4.15,9.0848e+05,-14.638
4.16,9.0944e+05,-14.523
4.17,9.104e+05,-14.983
4.174,9.1079e+05,-14.983
4.18,9.1132e+05,-14.983
4.18,9.1132e+05,-14.983
4.2,9.1311e+05,-14.523
4.2,9.1311e+05,-14.523
4.21,9.1401e+05,-14.523
4.217,9.1463e+05,-14.523
4.23,9.1626e+05,-14.638
4.23,9.1626e+05,-14.638
4.24,9.1751e+05,-14.523
4.25,9.1876e+05,-14.792
4.259,9.1989e+05,-14.792
4.26,9.1997e+05,-14.792
4.27,9.208e+05,-14.408
4.28,9.2163e+05,-14.332
4.3,9.2328e+05,-14.408
4.3,9.2328e+05,-14.408
4.302,9.2345e+05,-14.408
4.31,9.2441e+05,-14.408
4.32,9.2561e+05,-14.408
4.33,9.2681e+05,-14.638
4.34,9.2801e+05,-14.408
4.345,9.2861e+05,-14.408
4.35,9.2911e+05,-14.408
4.36,9.3009e+05,-14.523
4.37,9.3108e+05,-14.523
4.38,9.3206e+05,-14.638
4.387,9.3275e+05,-14.638
4.39,9.3306e+05,-14.638
4.4,9.3408e+05,-14.638
4.41,9.3511e+05,-14.523
4.42,9.3614e+05,-14.638
4.43,9.3717e+05,-14.523
4.44,9.3815e+05,-14.408
4.45,9.3913e+05,-14.408
4.46,9.4012e+05,-14.523
4.47,9.411e+05,-14.523
4.473,9.414e+05,-14.523
4.48,9.4219e+05,-14.523
4.49,9.4333e+05,-14.332
4.5,9.4447e+05,-14.102
4.51,9.456e+05,-14.332
4.516,9.4629e+05,-14.378
4.52,9.4665e+05,-14.408
4.53,9.4757e+05,-14.332
4.54,9.4849e+05,-14.523
4.55,9.4941e+05,-14.217
4.558,9.5015e+05,-14.217
4.56,9.5033e+05,-14.217
4.57,9.5127e+05,-13.987
4.58,9.5222e+05,-14.217
4.59,9.5316e+05,-13.795
4.6,9.541e+05,-14.447
4.603,9.5438e+05,-14.412
4.61,9.5522e+05,-14.332
4.62,9.5643e+05,-14.217
4.63,9.5763e+05,-14.217
4.64,9.5884e+05,-14.332
4.646,9.5956e+05,-14.148
4.65,9.5992e+05,-14.025
4.66,9.6082e+05,-14.025
4.67,9.6172e+05,-14.14
4.68,9.6262e+05,-14.217
4.689,9.6343e+05,-14.32
4.69,9.6351e+05,-14.332
4.7,9.6437e+05,-14.102
4.71,9.6522e+05,-14.102
4.72,9.6607e+05,-14.523
4.73,9.6693e+05,-14.408
4.732,9.671e+05,-14.408
4.74,9.6785e+05,-14.408
4.75,9.688e+05,-14.523
4.76,9.6974e+05,-14.523
4.77,9.7068e+05,-14.14
4.774,9.7106e+05,-14.002
4.78,9.7175e+05,-13.795
4.79,9.7289e+05,-13.987
4.8,9.7403e+05,-14.217
4.81,9.7517e+05,-14.14
4.817,9.7597e+05,-14.194
4.82,9.7628e+05,-14.217
4.83,9.7733e+05,-14.14
4.84,9.7839e+05,-14.025
4.85,9.7944e+05,-14.332
4.86,9.8049e+05,-14.217
4.87,9.8155e+05,-13.91
4.88,9.826e+05,-14.217
4.89,9.8366e+05,-13.91
4.9,9.8471e+05,-13.91
4.903,9.8503e+05,-13.91
4.91,9.8569e+05,-13.91
4.92,9.8663e+05,-14.217
4.93,9.8758e+05,-14.217
4.94,9.8852e+05,-14.025
4.945,9.8899e+05,-14.083
4.95,9.8946e+05,-14.14
4.96,9.9038e+05,-14.14
4.97,9.913e+05,-14.025
4.98,9.9222e+05,-14.102
4.988,9.9296e+05,-13.857
4.99,9.932e+05,-13.795
5,9.9439e+05,-13.795
5.01,9.9557e+05,-13.719
5.02,9.9676e+05,-13.719
5.03,9.9795e+05,-13.719
5.031,9.9807e+05,-13.707
5.04,9.9882e+05,-13.604
5.05,9.9966e+05,-13.604
5.06,1.0005e+06,-13.91
5.07,1.0013e+06,-13.795
5.074,1.0017e+06,-13.795
5.08,1.0023e+06,-13.795
5.09,1.0035e+06,-13.795
5.1,1.0046e+06,-13.719
5.11,1.0057e+06,-13.719
5.117,1.0065e+06,-13.772
5.12,1.0067e+06,-13.795
5.13,1.0076e+06,-13.795
5.14,1.0084e+06,-13.489
5.15,1.0092e+06,-13.489
5.16,1.0101e+06,-13.297
5.17,1.0109e+06,-13.297
5.18,1.0117e+06,-13.489
5.19,1.0125e+06,-13.795
5.2,1.0133e+06,-13.719
5.203,1.0135e+06,-13.719
5.21,1.0143e+06,-13.719
5.22,1.0154e+06,-13.719
5.23,1.0164e+06,-13.91
5.24,1.0175e+06,-13.91
5.248,1.0184e+06,-13.818
5.25,1.0186e+06,-13.795
5.26,1.0194e+06,-13.795
5.27,1.0202e+06,-13.795
5.27,1.0202e+06,-13.795
5.29,1.0218e+06,-13.719
5.29,1.0218e+06,-13.719
5.3,1.0227e+06,-13.719
5.31,1.0236e+06,-13.795
5.32,1.0244e+06,-13.795
5.333,1.0255e+06,-13.795
5.34,1.0261e+06,-13.795
5.34,1.0261e+06,-13.795
5.35,1.0268e+06,-13.795
5.36,1.0276e+06,-13.604
5.37,1.0283e+06,-13.795
5.376,1.0288e+06,-13.795
5.39,1.03e+06,-13.795
5.39,1.03e+06,-13.795
5.4,1.031e+06,-13.719
5.41,1.0319e+06,-13.719
5.419,1.0327e+06,-13.719
5.42,1.0328e+06,-13.719
5.43,1.0338e+06,-13.489
5.44,1.0347e+06,-13.489
5.45,1.0357e+06,-13.335
5.46,1.0366e+06,-13.489
5.462,1.0368e+06,-13.512
5.47,1.0376e+06,-13.604
5.48,1.0385e+06,-13.45
5.49,1.0394e+06,-13.335
5.5,1.0403e+06,-13.374
5.506,1.0409e+06,-13.351
5.51,1.0412e+06,-13.335
5.52,1.0421e+06,-13.489
5.53,1.0429e+06,-13.489
5.54,1.0437e+06,-13.68
5.547,1.0443e+06,-13.6
5.55,1.0447e+06,-13.565
5.56,1.0458e+06,-13.489
5.57,1.0469e+06,-13.489
5.58,1.048e+06,-13.565
5.59,1.0491e+06,-13.604
5.6,1.0498e+06,-13.719
5.61,1.0505e+06,-13.604
5.62,1.0512e+06,-13.374
5.63,1.0519e+06,-13.565
5.634,1.0522e+06,-13.642
5.64,1.0527e+06,-13.757
5.65,1.0536e+06,-13.719
5.66,1.0544e+06,-13.221
5.67,1.0553e+06,-13.45
5.677,1.0559e+06,-13.531
5.68,1.0562e+06,-13.565
5.69,1.057e+06,-13.565
5.7,1.0578e+06,-13.68
5.71,1.0587e+06,-13.565
5.72,1.0595e+06,-13.335
5.73,1.0606e+06,-13.335
5.74,1.0616e+06,-13.221
5.75,1.0627e+06,-13.221
5.76,1.0637e+06,-13.144
5.763,1.064e+06,-13.201
5.77,1.0645e+06,-13.335
5.78,1.0653e+06,-13.45
5.79,1.0661e+06,-13.45
5.8,1.0669e+06,-13.45
5.805,1.0672e+06,-13.393
5.81,1.0677e+06,-13.335
5.82,1.0685e+06,-13.144
5.83,1.0694e+06,-13.335
5.84,1.0703e+06,-13.45
5.85,1.0712e+06,-13.144
5.851,1.0712e+06,-13.152
5.86,1.072e+06,-13.221
5.87,1.0728e+06,-13.335
5.88,1.0736e+06,-13.221
5.89,1.0744e+06,-13.335
5.893,1.0747e+06,-13.278
5.9,1.0753e+06,-13.144
5.91,1.0763e+06,-13.221
5.92,1.0772e+06,-13.221
5.93,1.0781e+06,-13.221
5.936,1.0787e+06,-13.175
5.94,1.079e+06,-13.144
5.95,1.0799e+06,-13.144
5.96,1.0807e+06,-13.45
5.97,1.0815e+06,-13.335
5.979,1.0823e+06,-13.335
5.98,1.0824e+06,-13.335
5.99,1.0831e+06,-13.335
6,1.0837e+06,-13.335
6.01,1.0844e+06,-13.144
6.02,1.0851e+06,-13.221
6.022,1.0853e+06,-13.175
6.03,1.0854e+06,-12.991
6.04,1.0857e+06,-13.144
6.05,1.0859e+06,-13.144
6.06,1.0862e+06,-13.221
6.065,1.0863e+06,-13.182
6.07,1.0865e+06,-13.144
6.08,1.087e+06,-12.991
6.09,1.0875e+06,-12.991
6.1,1.088e+06,-13.144
6.108,1.0884e+06,-13.205
6.11,1.0886e+06,-13.221
6.12,1.0899e+06,-12.991
6.13,1.0911e+06,-12.876
6.14,1.0923e+06,-13.144
6.15,1.0935e+06,-13.144
6.151,1.0936e+06,-13.144
6.16,1.0947e+06,-13.144
6.17,1.0958e+06,-13.335
6.18,1.0969e+06,-12.876
6.19,1.0981e+06,-12.876
6.194,1.0985e+06,-12.983
6.2,1.0991e+06,-13.144
6.21,1.1002e+06,-13.067
6.22,1.1012e+06,-12.914
6.23,1.1022e+06,-13.144
6.237,1.1029e+06,-13.144
6.24,1.1031e+06,-13.144
6.25,1.1039e+06,-13.221
6.26,1.1047e+06,-13.144
6.27,1.1054e+06,-13.221
6.28,1.1062e+06,-13.067
6.29,1.107e+06,-13.067
6.3,1.1079e+06,-13.221
6.3,1.1079e+06,-13.221
6.31,1.1087e+06,-13.221
6.32,1.1095e+06,-12.914
6.323,1.1098e+06,-12.845
6.33,1.1104e+06,-12.684
6.34,1.1112e+06,-12.876
6.35,1.112e+06,-12.684
6.36,1.1128e+06,-12.684
6.365,1.1132e+06,-12.742
6.38,1.1138e+06,-12.914
6.39,1.1142e+06,-12.684
6.39,1.1142e+06,-12.684
6.4,1.1146e+06,-12.914
6.408,1.115e+06,-12.914
6.41,1.115e+06,-12.914
6.42,1.1155e+06,-12.914
6.43,1.1159e+06,-12.914
6.44,1.1163e+06,-12.799
6.45,1.1167e+06,-12.799
6.451,1.1168e+06,-12.81
6.46,1.1175e+06,-12.914
6.47,1.1182e+06,-13.144
6.48,1.1189e+06,-13.144
6.49,1.1197e+06,-12.799
6.497,1.1202e+06,-12.799
6.5,1.1204e+06,-12.799
6.51,1.121e+06,-12.914
6.52,1.1216e+06,-12.914
6.53,1.1222e+06,-12.914
6.54,1.1228e+06,-12.914
6.55,1.1237e+06,-13.144
6.56,1.1246e+06,-13.144
6.57,1.1255e+06,-13.259
6.58,1.1264e+06,-13.259
6.583,1.1266e+06,-13.155
6.59,1.1273e+06,-12.914
6.6,1.1282e+06,-12.799
6.61,1.129e+06,-12.914
6.62,1.1299e+06,-12.799
6.626,1.1305e+06,-12.868
6.63,1.131e+06,-12.914
6.64,1.1322e+06,-12.684
6.65,1.1334e+06,-12.799
6.66,1.1346e+06,-12.799
6.669,1.1357e+06,-12.902
6.67,1.1359e+06,-12.914
6.68,1.1371e+06,-12.914
6.69,1.1383e+06,-12.799
6.7,1.1395e+06,-12.799
6.71,1.1408e+06,-13.067
6.712,1.141e+06,-13.037
6.72,1.1415e+06,-12.914
6.73,1.1422e+06,-13.067
6.74,1.1428e+06,-13.067
6.75,1.1435e+06,-13.144
6.755,1.1438e+06,-13.144
6.76,1.1442e+06,-13.144
6.77,1.145e+06,-12.914
6.78,1.1457e+06,-12.684
6.79,1.1465e+06,-12.684
6.797,1.1471e+06,-12.63
6.8,1.1472e+06,-12.607
6.81,1.1477e+06,-12.684
6.82,1.1482e+06,-12.799
6.83,1.1487e+06,-12.684
6.84,1.1492e+06,-12.607
6.841,1.1493e+06,-12.6
6.85,1.1496e+06,-12.531
6.86,1.1499e+06,-12.722
6.87,1.1503e+06,-12.684
6.88,1.1507e+06,-12.914
6.884,1.1508e+06,-12.822
6.89,1.1511e+06,-12.684
6.9,1.1517e+06,-12.684
6.91,1.1522e+06,-12.684
6.92,1.1527e+06,-12.492
6.927,1.1531e+06,-12.573
6.93,1.1532e+06,-12.607
6.94,1.1537e+06,-12.607
6.95,1.1542e+06,-12.607
6.96,1.1547e+06,-12.914
6.97,1.1551e+06,-12.607
6.98,1.1561e+06,-12.607
6.99,1.157e+06,-12.684
7,1.1579e+06,-12.531
7.01,1.1589e+06,-12.914
7.013,1.1592e+06,-12.914
7.02,1.1596e+06,-12.914
7.03,1.1601e+06,-12.722
7.04,1.1607e+06,-12.799
7.05,1.1613e+06,-12.684
7.056,1.1617e+06,-12.684
7.06,1.162e+06,-12.684
7.07,1.163e+06,-12.531
7.08,1.1639e+06,-12.684
7.09,1.1649e+06,-12.684
7.1,1.1658e+06,-12.607
7.101,1.1659e+06,-12.607
7.11,1.1665e+06,-12.607
7.12,1.1672e+06,-12.607
7.13,1.1679e+06,-12.607
7.14,1.1686e+06,-12.799
7.144,1.1689e+06,-12.753
7.15,1.1695e+06,-12.684
7.16,1.1705e+06,-12.914
7.17,1.1715e+06,-12.799
7.18,1.1725e+06,-12.684
7.187,1.1732e+06,-12.711
7.19,1.1735e+06,-12.722
7.2,1.1746e+06,-12.607
7.21,1.1757e+06,-12.607
7.22,1.1767e+06,-12.301
7.23,1.1778e+06,-12.492
7.24,1.1785e+06,-12.684
7.25,1.1792e+06,-12.531
7.26,1.18e+06,-12.722
7.27,1.1807e+06,-12.531
7.273,1.1809e+06,-12.554
7.28,1.1814e+06,-12.607
7.29,1.1821e+06,-12.607
7.3,1.1828e+06,-12.837
7.31,1.1835e+06,-12.722
7.316,1.184e+06,-12.791
7.32,1.1841e+06,-12.837
7.32,1.1841e+06,-12.837
7.33,1.1845e+06,-12.531
7.34,1.1848e+06,-12.607
7.35,1.1852e+06,-12.301
7.359,1.1855e+06,-12.301
7.37,1.186e+06,-12.531
7.37,1.186e+06,-12.531
7.38,1.1864e+06,-12.531
7.39,1.1868e+06,-12.607
7.4,1.1873e+06,-12.607
7.402,1.1874e+06,-12.592
7.41,1.1877e+06,-12.531
7.42,1.1882e+06,-12.531
7.43,1.1887e+06,-12.531
7.44,1.1891e+06,-12.607
7.445,1.1894e+06,-12.569
7.45,1.1897e+06,-12.531
7.46,1.1904e+06,-12.607
7.47,1.1911e+06,-12.607
7.48,1.1918e+06,-12.531
7.488,1.1924e+06,-12.684
7.49,1.1925e+06,-12.722
7.5,1.193e+06,-12.722
7.51,1.1934e+06,-12.531
7.52,1.1939e+06,-12.722
7.53,1.1944e+06,-12.684
7.531,1.1945e+06,-12.669
7.54,1.1949e+06,-12.531
7.55,1.1954e+06,-12.531
7.56,1.1959e+06,-12.837
7.57,1.1964e+06,-12.684
7.574,1.1966e+06,-12.623
7.58,1.1972e+06,-12.531
7.59,1.1982e+06,-12.607
7.6,1.1992e+06,-12.531
7.61,1.2002e+06,-12.531
7.617,1.2008e+06,-12.719
7.62,1.2011e+06,-12.799
7.63,1.2019e+06,-12.684
7.64,1.2027e+06,-12.722
7.65,1.2034e+06,-12.722
7.66,1.2042e+06,-12.607
7.67,1.2052e+06,-12.531
7.68,1.2062e+06,-12.607
7.69,1.2072e+06,-12.684
7.7,1.2082e+06,-12.607
7.705,1.2087e+06,-12.722
7.71,1.2091e+06,-12.837
7.72,1.21e+06,-12.531
7.73,1.2109e+06,-12.607
7.74,1.2117e+06,-12.416
7.749,1.2125e+06,-12.416
7.75,1.2126e+06,-12.416
7.76,1.2129e+06,-12.416
7.77,1.2132e+06,-12.416
7.78,1.2136e+06,-12.416
7.79,1.2139e+06,-12.646
7.792,1.214e+06,-12.638
7.8,1.2144e+06,-12.607
7.81,1.215e+06,-12.531
7.82,1.2156e+06,-12.531
7.83,1.2162e+06,-12.301
7.835,1.2165e+06,-12.416
7.84,1.2167e+06,-12.531
7.85,1.2171e+06,-12.416
7.86,1.2176e+06,-12.339
7.87,1.218e+06,-12.301
7.878,1.2183e+06,-12.331
7.88,1.2184e+06,-12.339
7.89,1.2189e+06,-12.186
7.9,1.2193e+06,-12.109
7.91,1.2198e+06,-12.186
7.92,1.2202e+06,-12.301
7.921,1.2203e+06,-12.293
7.93,1.2208e+06,-12.224
7.94,1.2215e+06,-12.454
7.95,1.2221e+06,-12.531
7.96,1.2227e+06,-12.454
7.964,1.223e+06,-12.454
7.97,1.2234e+06,-12.454
7.98,1.2241e+06,-12.339
7.99,1.2248e+06,-12.416
8,1.2255e+06,-12.339
8.007,1.226e+06,-12.259
8.01,1.2261e+06,-12.224
8.02,1.2267e+06,-12.339
8.03,1.2273e+06,-12.301
8.04,1.2279e+06,-12.339
8.05,1.2285e+06,-12.531
8.06,1.2289e+06,-12.607
8.07,1.2293e+06,-12.531
8.08,1.2297e+06,-12.339
8.09,1.2301e+06,-12.416
8.093,1.2302e+06,-12.416
8.1,1.2307e+06,-12.416
8.11,1.2315e+06,-12.416
8.12,1.2322e+06,-12.531
8.13,1.233e+06,-12.531
8.136,1.2334e+06,-12.531
8.14,1.2337e+06,-12.531
8.15,1.2345e+06,-12.607
8.16,1.2353e+06,-12.416
8.17,1.236e+06,-12.416
8.179,1.2367e+06,-12.416
8.18,1.2368e+06,-12.416
8.19,1.2374e+06,-12.186
8.2,1.238e+06,-12.186
8.21,1.2387e+06,-12.301
8.22,1.2393e+06,-12.531
8.222,1.2394e+06,-12.492
8.23,1.24e+06,-12.339
8.24,1.2408e+06,-12.531
8.25,1.2416e+06,-12.301
8.26,1.2423e+06,-12.531
8.265,1.2427e+06,-12.377
8.27,1.243e+06,-12.224
8.28,1.2435e+06,-12.416
8.29,1.244e+06,-12.224
8.3,1.2445e+06,-11.994
8.31,1.245e+06,-12.301
8.32,1.2454e+06,-11.803
8.33,1.2458e+06,-12.109
8.34,1.2463e+06,-12.109
8.34,1.2463e+06,-12.109
8.353,1.2468e+06,-12.259
8.36,1.2472e+06,-12.339
8.36,1.2472e+06,-12.339
8.37,1.2478e+06,-12.109
8.38,1.2484e+06,-11.994
8.39,1.249e+06,-12.224
8.396,1.2494e+06,-12.293
8.4,1.2496e+06,-12.339
8.41,1.2501e+06,-12.301
8.42,1.2505e+06,-12.109
8.43,1.251e+06,-12.339
8.439,1.2514e+06,-12.339
8.45,1.2522e+06,-12.339
8.46,1.2529e+06,-12.454
8.46,1.2529e+06,-12.454
8.47,1.2535e+06,-12.454
8.48,1.2542e+06,-12.339
8.482,1.2543e+06,-12.316
8.49,1.2549e+06,-12.224
8.5,1.2557e+06,-12.339
8.51,1.2564e+06,-12.416
8.52,1.2572e+06,-12.186
8.525,1.2575e+06,-12.205
8.53,1.2578e+06,-12.224
8.54,1.2583e+06,-12.454
8.55,1.2587e+06,-12.224
8.56,1.2592e+06,-12.339
8.568,1.2596e+06,-12.339
8.57,1.2596e+06,-12.339
8.58,1.2599e+06,-12.224
8.59,1.2602e+06,-12.454
8.6,1.2605e+06,-12.531
8.61,1.2608e+06,-12.531
8.611,1.2608e+06,-12.519
8.62,1.2616e+06,-12.416
8.63,1.2624e+06,-12.416
8.64,1.2633e+06,-12.301
8.65,1.2641e+06,-12.454
8.654,1.2644e+06,-12.439
8.66,1.2647e+06,-12.416
8.67,1.2652e+06,-12.339
8.68,1.2657e+06,-12.339
8.69,1.2662e+06,-12.339
8.697,1.2666e+06,-12.259
8.7,1.2667e+06,-12.224
8.71,1.2672e+06,-12.339
8.72,1.2677e+06,-11.994
8.73,1.2682e+06,-12.454
8.74,1.2687e+06,-12.224
8.75,1.2691e+06,-12.224
8.76,1.2696e+06,-12.339
8.77,1.27e+06,-11.994
8.78,1.2704e+06,-12.339
8.783,1.2706e+06,-12.339
8.79,1.2709e+06,-12.339
8.8,1.2713e+06,-12.339
8.81,1.2717e+06,-12.224
8.82,1.2721e+06,-11.803
8.826,1.2724e+06,-11.987
8.83,1.2726e+06,-12.109
8.84,1.2732e+06,-11.381
8.85,1.2737e+06,-11.994
8.86,1.2742e+06,-11.918
8.869,1.2747e+06,-12.09
8.87,1.2748e+06,-12.109
8.89,1.2757e+06,-12.148
8.89,1.2757e+06,-12.148
8.9,1.2761e+06,-12.148
8.91,1.2766e+06,-12.033
8.914,1.2768e+06,-12.063
8.92,1.2772e+06,-12.109
8.93,1.278e+06,-11.918
8.94,1.2788e+06,-11.994
8.95,1.2795e+06,-11.803
8.957,1.2801e+06,-11.883
8.96,1.2802e+06,-11.918
8.97,1.2807e+06,-11.994
8.98,1.2812e+06,-12.224
8.99,1.2817e+06,-12.339
9,1.2822e+06,-12.109
9.01,1.2826e+06,-12.224
9.02,1.2829e+06,-11.994
9.03,1.2832e+06,-12.224
9.04,1.2836e+06,-12.339
9.043,1.2837e+06,-12.27
9.05,1.2841e+06,-12.109
9.06,1.2846e+06,-12.224
9.07,1.2852e+06,-12.224
9.08,1.2858e+06,-12.224
9.086,1.2861e+06,-12.224
9.09,1.2863e+06,-12.224
9.1,1.2866e+06,-12.224
9.11,1.287e+06,-11.918
9.12,1.2873e+06,-11.994
9.13,1.2877e+06,-12.109
9.14,1.2881e+06,-12.109
9.15,1.2884e+06,-12.224
9.16,1.2888e+06,-12.109
9.17,1.2892e+06,-12.224
9.173,1.2893e+06,-12.293
9.18,1.2898e+06,-12.454
9.19,1.2905e+06,-12.224
9.2,1.2913e+06,-12.339
9.21,1.292e+06,-12.339
9.215,1.2923e+06,-12.224
9.22,1.2926e+06,-12.109
9.23,1.293e+06,-12.224
9.24,1.2935e+06,-12.339
9.25,1.2939e+06,-12.224
9.258,1.2943e+06,-12.469
9.26,1.2944e+06,-12.531
9.27,1.2949e+06,-12.454
9.28,1.2954e+06,-12.339
9.29,1.2958e+06,-12.339
9.3,1.2963e+06,-12.339
9.302,1.2964e+06,-12.293
9.31,1.2968e+06,-12.109
9.32,1.2973e+06,-12.109
9.33,1.2977e+06,-12.224
9.34,1.2982e+06,-12.339
9.346,1.2985e+06,-12.27
9.35,1.2987e+06,-12.224
9.36,1.2992e+06,-12.224
9.37,1.2998e+06,-12.339
9.38,1.3003e+06,-12.454
9.389,1.3008e+06,-12.351
9.39,1.3009e+06,-12.339
9.4,1.3013e+06,-12.339
9.41,1.3018e+06,-12.224
9.42,1.3023e+06,-12.224
9.43,1.3028e+06,-12.224
9.432,1.3029e+06,-12.224
9.44,1.3032e+06,-12.224
9.45,1.3035e+06,-12.339
9.46,1.3039e+06,-12.339
9.47,1.3042e+06,-12.224
9.475,1.3044e+06,-12.339
9.48,1.3046e+06,-12.454
9.49,1.3051e+06,-12.224
9.5,1.3056e+06,-12.339
9.5,1.3056e+06,-12.339
9.51,1.306e+06,-12.454
9.52,1.3065e+06,-12.109
9.53,1.3067e+06,-12.339
9.55,1.3071e+06,-12.109
9.55,1.3071e+06,-12.109
9.56,1.3074e+06,-12.454
9.563,1.3074e+06,-12.454
9.57,1.3079e+06,-12.454
9.58,1.3085e+06,-12.646
9.59,1.3092e+06,-12.531
9.6,1.3098e+06,-12.339
9.606,1.3102e+06,-12.339
9.61,1.3103e+06,-12.339
9.62,1.3107e+06,-12.339
9.63,1.311e+06,-12.224
9.64,1.3113e+06,-12.109
9.649,1.3116e+06,-12.006
9.65,1.3117e+06,-11.994
9.66,1.3122e+06,-12.224
9.67,1.3126e+06,-11.994
9.68,1.3131e+06,-12.109
9.69,1.3136e+06,-12.224
9.692,1.3137e+06,-12.27
9.7,1.3142e+06,-12.454
9.71,1.3147e+06,-12.454
9.72,1.3153e+06,-12.531
9.73,1.3159e+06,-12.339
9.735,1.3162e+06,-12.224
9.74,1.3164e+06,-12.109
9.75,1.3168e+06,-12.109
9.76,1.3172e+06,-11.688
9.77,1.3175e+06,-11.994
9.777,1.3178e+06,-11.619
9.78,1.318e+06,-11.458
9.79,1.3186e+06,-11.803
9.8,1.3193e+06,-11.994
9.81,1.32e+06,-11.994
9.82,1.3206e+06,-11.994
9.83,1.3209e+06,-12.224
9.84,1.3213e+06,-12.224
9.85,1.3216e+06,-12.224
9.86,1.3219e+06,-12.109
9.87,1.3222e+06,-12.224
9.874,1.3224e+06,-12.27
9.88,1.3225e+06,-12.339
9.89,1.3227e+06,-12.262
9.9,1.3229e+06,-11.994
9.91,1.3231e+06,-12.339
9.917,1.3233e+06,-12.339
9.92,1.3234e+06,-12.339
9.93,1.3239e+06,-12.033
9.94,1.3245e+06,-12.224
9.95,1.325e+06,-12.148
9.96,1.3255e+06,-12.263
9.97,1.3258e+06,-12.262
9.98,1.326e+06,-12.033
9.99,1.3263e+06,-12.033
10,1.3266e+06,-12.148
10.003,1.3267e+06,-12.113
10.01,1.3271e+06,-12.033
10.02,1.3276e+06,-12.033
10.03,1.3281e+06,-12.033
10.04,1.3287e+06,-11.841
10.046,1.329e+06,-11.634
10.05,1.3291e+06,-11.496
10.06,1.3294e+06,-11.918
10.07,1.3297e+06,-11.611
10.08,1.33e+06,-11.918
10.088,1.3303e+06,-11.918
10.09,1.3303e+06,-11.918
10.1,1.3306e+06,-12.033
10.11,1.3309e+06,-11.918
10.12,1.3312e+06,-12.148
10.13,1.3315e+06,-12.262
10.134,1.3317e+06,-12.201
10.14,1.332e+06,-12.109
10.15,1.3325e+06,-11.841
10.16,1.333e+06,-11.918
10.17,1.3335e+06,-11.841
10.177,1.3338e+06,-11.841
10.18,1.3339e+06,-11.841
10.19,1.3343e+06,-12.033
10.2,1.3347e+06,-12.148
10.21,1.3351e+06,-12.033
10.22,1.3355e+06,-12.263
10.23,1.3358e+06,-12.263
10.24,1.3362e+06,-12.262
10.25,1.3365e+06,-11.918
10.26,1.3368e+06,-12.148
10.263,1.3369e+06,-12.113
10.27,1.3373e+06,-12.033
10.28,1.3377e+06,-12.148
10.29,1.3382e+06,-12.033
10.3,1.3387e+06,-12.148
10.306,1.339e+06,-12.01
10.31,1.3391e+06,-11.918
10.32,1.3392e+06,-12.148
10.33,1.3394e+06,-11.841
10.34,1.3395e+06,-11.611
10.349,1.3397e+06,-11.611
10.35,1.3397e+06,-11.611
10.36,1.3402e+06,-11.918
10.37,1.3407e+06,-11.918
10.38,1.3411e+06,-11.918
10.39,1.3416e+06,-12.148
10.391,1.3416e+06,-12.136
10.4,1.3419e+06,-12.033
10.41,1.3422e+06,-12.148
10.42,1.3424e+06,-12.262
10.43,1.3427e+06,-12.148
10.434,1.3428e+06,-12.194
10.44,1.343e+06,-12.262
10.45,1.3433e+06,-12.033
10.46,1.3436e+06,-12.033
10.47,1.3439e+06,-11.918
10.477,1.3441e+06,-11.918
10.48,1.3442e+06,-11.918
10.49,1.3447e+06,-12.033
10.5,1.3452e+06,-11.726
10.51,1.3457e+06,-11.918
10.52,1.3462e+06,-11.841
10.53,1.3466e+06,-11.918
10.54,1.347e+06,-11.841
10.55,1.3474e+06,-11.611
10.56,1.3478e+06,-11.994
10.563,1.3479e+06,-11.971
10.57,1.3482e+06,-11.726
10.57,1.3482e+06,-11.726
10.58,1.3487e+06,-12.033
10.59,1.3492e+06,-12.033
10.6,1.3497e+06,-12.033
10.606,1.35e+06,-11.918
10.61,1.3501e+06,-11.841
10.62,1.3503e+06,-11.611
10.63,1.3506e+06,-11.841
10.64,1.3509e+06,-11.726
10.649,1.3511e+06,-11.726
10.66,1.3512e+06,-11.918
10.66,1.3512e+06,-11.918
10.67,1.3512e+06,-12.033
10.68,1.3512e+06,-12.148
10.69,1.3512e+06,-12.262
10.692,1.3512e+06,-12.24
10.7,1.3517e+06,-12.148
10.71,1.3523e+06,-12.033
10.72,1.3529e+06,-11.841
10.73,1.3535e+06,-12.148
10.737,1.3539e+06,-12.148
10.74,1.354e+06,-12.148
10.75,1.3543e+06,-12.033
10.76,1.3547e+06,-11.841
10.77,1.355e+06,-11.841
10.78,1.3553e+06,-11.726
10.79,1.3557e+06,-11.841
10.8,1.3561e+06,-11.726
10.81,1.3564e+06,-11.381
10.82,1.3568e+06,-11.841
10.823,1.3569e+06,-11.841
10.84,1.3575e+06,-11.841
10.84,1.3575e+06,-11.841
10.85,1.3579e+06,-11.841
10.86,1.3583e+06,-11.841
10.865,1.3585e+06,-11.783
10.87,1.3585e+06,-11.726
10.88,1.3586e+06,-11.918
10.89,1.3587e+06,-12.148
10.9,1.3588e+06,-11.879
10.908,1.3589e+06,-11.91
10.91,1.359e+06,-11.918
10.92,1.3594e+06,-11.956
10.93,1.3599e+06,-11.918
10.94,1.3603e+06,-11.764
10.95,1.3608e+06,-11.879
10.951,1.3608e+06,-11.845
10.96,1.3611e+06,-11.534
10.97,1.3614e+06,-11.496
10.98,1.3618e+06,-11.726
10.99,1.3621e+06,-11.918
10.994,1.3622e+06,-12.01
11,1.3624e+06,-12.148
11.02,1.3629e+06,-11.956
11.02,1.3629e+06,-11.956
11.03,1.3632e+06,-12.148
11.037,1.3634e+06,-12.094
11.04,1.3634e+06,-12.071
11.05,1.3635e+06,-12.071
11.06,1.3635e+06,-11.764
11.07,1.3636e+06,-11.918
11.08,1.3637e+06,-11.764
11.09,1.3641e+06,-11.841
11.1,1.3646e+06,-11.228
11.11,1.3651e+06,-11.649
11.12,1.3656e+06,-11.611
11.123,1.3657e+06,-11.68
11.13,1.3659e+06,-11.841
11.14,1.3662e+06,-11.918
11.15,1.3665e+06,-11.649
11.16,1.3669e+06,-11.918
11.165,1.367e+06,-11.898
11.17,1.3672e+06,-11.879
11.18,1.3675e+06,-12.033
11.19,1.3678e+06,-11.649
11.2,1.3681e+06,-11.534
11.208,1.3684e+06,-11.626
11.21,1.3684e+06,-11.649
11.22,1.3687e+06,-11.764
11.23,1.369e+06,-11.534
11.24,1.3693e+06,-11.611
11.25,1.3695e+06,-11.649
11.251,1.3696e+06,-11.619
11.26,1.3697e+06,-11.343
11.27,1.3699e+06,-11.611
11.28,1.3702e+06,-11.343
11.29,1.3704e+06,-11.304
11.294,1.3704e+06,-11.35
11.3,1.3705e+06,-11.419
11.31,1.3707e+06,-11.534
11.32,1.3708e+06,-11.764
11.33,1.371e+06,-11.764
11.339,1.3711e+06,-11.385
11.34,1.3712e+06,-11.343
11.35,1.3715e+06,-11.228
11.36,1.3718e+06,-11.649
11.37,1.3721e+06,-11.649
11.38,1.3724e+06,-11.764
11.382,1.3725e+06,-11.787
11.39,1.3726e+06,-11.879
11.4,1.3727e+06,-11.764
11.41,1.3728e+06,-11.419
11.42,1.3729e+06,-11.534
11.425,1.373e+06,-11.534
11.43,1.3732e+06,-11.534
11.44,1.3737e+06,-11.764
11.45,1.3741e+06,-11.956
11.46,1.3746e+06,-11.419
11.468,1.375e+06,-11.511
11.47,1.375e+06,-11.534
11.48,1.3751e+06,-11.534
11.49,1.3752e+06,-11.649
11.5,1.3753e+06,-11.419
11.51,1.3754e+06,-11.764
11.511,1.3754e+06,-11.764
11.52,1.3759e+06,-11.764
11.53,1.3764e+06,-11.649
11.54,1.3768e+06,-11.649
11.55,1.3773e+06,-11.343
11.554,1.3775e+06,-11.373
11.56,1.3776e+06,-11.419
11.57,1.3778e+06,-11.649
11.58,1.3779e+06,-11.649
11.59,1.3781e+06,-11.764
11.596,1.3782e+06,-11.695
11.6,1.3783e+06,-11.649
11.61,1.3786e+06,-11.343
11.61,1.3786e+06,-11.343
11.63,1.3792e+06,-11.419
11.63,1.3792e+06,-11.419
11.639,1.3795e+06,-11.73
11.64,1.3795e+06,-11.764
11.65,1.3797e+06,-11.419
11.66,1.3799e+06,-11.419
11.67,1.38e+06,-11.534
11.68,1.3802e+06,-11.534
11.682,1.3803e+06,-11.534
11.69,1.3805e+06,-11.534
11.71,1.3813e+06,-11.534
11.71,1.3813e+06,-11.534
11.725,1.3818e+06,-11.534
11.73,1.382e+06,-11.534
11.73,1.382e+06,-11.534
11.74,1.3822e+06,-11.075
11.75,1.3825e+06,-11.228
11.76,1.3827e+06,-11.419
11.768,1.3829e+06,-11.511
11.77,1.3829e+06,-11.534
11.78,1.3831e+06,-11.343
11.79,1.3832e+06,-11.228
11.8,1.3833e+06,-11.343
11.81,1.3835e+06,-11.075
11.811,1.3835e+06,-11.09
11.82,1.3838e+06,-11.228
11.83,1.3842e+06,-11.419
11.84,1.3846e+06,-11.534
11.854,1.3851e+06,-11.454
11.86,1.3852e+06,-11.419
11.86,1.3852e+06,-11.419
11.87,1.3854e+06,-11.419
11.88,1.3856e+06,-11.534
11.89,1.3858e+06,-11.419
11.899,1.386e+06,-11.247
11.9,1.386e+06,-11.228
11.91,1.3861e+06,-10.96
11.92,1.3862e+06,-11.075
11.93,1.3863e+06,-11.228
11.94,1.3864e+06,-11.343
11.942,1.3864e+06,-11.32
11.95,1.3864e+06,-11.228
11.96,1.3863e+06,-11.534
11.97,1.3863e+06,-11.343
11.98,1.3862e+06,-11.419
11.985,1.3862e+06,-11.381
11.99,1.3864e+06,-11.343
12,1.387e+06,-11.075
12.01,1.3875e+06,-10.96
12.02,1.3881e+06,-11.343
12.028,1.3885e+06,-11.404
12.03,1.3885e+06,-11.419
12.04,1.3886e+06,-11.534
12.05,1.3888e+06,-11.343
12.06,1.3889e+06,-10.96
12.07,1.389e+06,-11.075
12.071,1.389e+06,-11.063
12.08,1.3892e+06,-10.96
12.09,1.3894e+06,-11.343
12.1,1.3897e+06,-11.228
12.11,1.3899e+06,-11.343
12.114,1.39e+06,-11.297
12.12,1.3902e+06,-11.228
12.13,1.3905e+06,-11.228
12.14,1.3908e+06,-10.845
12.15,1.3911e+06,-10.845
12.156,1.3913e+06,-11.075
12.16,1.3913e+06,-11.228
12.17,1.3914e+06,-11.649
12.18,1.3915e+06,-11.956
12.19,1.3917e+06,-11.649
12.199,1.3918e+06,-11.546
12.2,1.3918e+06,-11.534
12.21,1.3919e+06,-11.075
12.22,1.3919e+06,-11.075
12.23,1.392e+06,-10.883
12.24,1.3921e+06,-11.573
12.242,1.3921e+06,-11.588
12.25,1.3924e+06,-11.649
12.26,1.3928e+06,-11.649
12.27,1.3931e+06,-11.879
12.28,1.3935e+06,-11.534
12.285,1.3936e+06,-11.381
12.29,1.3937e+06,-11.228
12.3,1.3937e+06,-11.228
12.31,1.3938e+06,-11.419
12.32,1.3939e+06,-11.075
12.328,1.3939e+06,-11.075
12.33,1.394e+06,-11.075
12.34,1.3944e+06,-11.075
12.35,1.3947e+06,-11.228
12.36,1.3951e+06,-11.075
12.37,1.3955e+06,-11.228
12.371,1.3955e+06,-11.239
12.38,1.3956e+06,-11.343
12.39,1.3956e+06,-11.228
12.4,1.3957e+06,-11.343
12.41,1.3958e+06,-11.228
12.414,1.3958e+06,-11.167
12.42,1.3959e+06,-11.075
12.43,1.396e+06,-11.075
12.44,1.3961e+06,-11.075
12.45,1.3962e+06,-10.883
12.457,1.3963e+06,-11.017
12.46,1.3963e+06,-11.075
12.47,1.3965e+06,-11.075
12.48,1.3967e+06,-11.151
12.49,1.3969e+06,-11.343
12.5,1.397e+06,-11.228
12.502,1.3971e+06,-11.174
12.51,1.397e+06,-10.96
12.52,1.397e+06,-10.845
12.53,1.3969e+06,-11.075
12.54,1.3969e+06,-10.998
12.546,1.3969e+06,-10.906
12.55,1.397e+06,-10.845
12.56,1.3973e+06,-11.075
12.57,1.3976e+06,-11.075
12.58,1.3979e+06,-10.998
12.589,1.3981e+06,-10.86
12.59,1.3982e+06,-10.845
12.6,1.3985e+06,-11.151
12.61,1.3988e+06,-11.381
12.62,1.399e+06,-11.228
12.63,1.3993e+06,-11.228
12.64,1.3994e+06,-11.419
12.64,1.3994e+06,-11.419
12.65,1.3994e+06,-10.96
12.66,1.3995e+06,-10.96
12.67,1.3995e+06,-10.96
12.674,1.3995e+06,-10.898
12.68,1.3996e+06,-10.806
12.69,1.3997e+06,-10.96
12.7,1.3999e+06,-11.228
12.717,1.4001e+06,-11.228
12.72,1.4001e+06,-11.228
12.72,1.4001e+06,-11.228
12.73,1.4002e+06,-11.266
12.74,1.4003e+06,-10.883
12.75,1.4004e+06,-11.075
12.76,1.4005e+06,-10.998
12.77,1.4006e+06,-11.343
12.78,1.4006e+06,-11.228
12.79,1.4007e+06,-11.228
12.8,1.4008e+06,-11.151
12.803,1.4008e+06,-11.105
12.81,1.401e+06,-10.998
12.82,1.4012e+06,-10.883
12.83,1.4014e+06,-10.883
12.846,1.4017e+06,-10.822
12.85,1.4017e+06,-10.845
12.85,1.4017e+06,-10.845
12.86,1.4016e+06,-10.96
12.87,1.4016e+06,-11.228
12.88,1.4015e+06,-11.075
12.889,1.4015e+06,-11.075
12.89,1.4015e+06,-11.075
12.9,1.4017e+06,-10.883
12.92,1.402e+06,-11.075
12.92,1.402e+06,-11.075
12.93,1.4022e+06,-11.151
12.932,1.4022e+06,-11.19
12.94,1.4025e+06,-11.343
12.95,1.4028e+06,-10.806
12.96,1.4032e+06,-10.883
12.97,1.4036e+06,-11.343
12.975,1.4038e+06,-11.362
12.98,1.4038e+06,-11.381
12.99,1.4038e+06,-10.998
13,1.4038e+06,-10.883
13.01,1.4038e+06,-10.806
13.018,1.4038e+06,-10.96
13.02,1.4037e+06,-10.998
13.03,1.4036e+06,-10.883
13.04,1.4036e+06,-10.998
13.05,1.4035e+06,-10.806
13.06,1.4034e+06,-11.266
13.061,1.4034e+06,-11.278
13.07,1.4036e+06,-11.381
13.08,1.4039e+06,-11.458
13.09,1.4041e+06,-10.998
13.1,1.4044e+06,-10.998
13.106,1.4045e+06,-10.929
13.11,1.4046e+06,-10.883
13.12,1.4047e+06,-10.883
13.13,1.4048e+06,-10.806
13.14,1.4049e+06,-10.883
13.149,1.4049e+06,-10.986
13.15,1.405e+06,-10.998
13.16,1.4051e+06,-10.883
13.17,1.4053e+06,-10.883
13.18,1.4054e+06,-10.883
13.19,1.4056e+06,-11.151
13.192,1.4056e+06,-11.121
13.2,1.4057e+06,-10.998
13.21,1.4058e+06,-10.998
13.22,1.4058e+06,-10.998
13.23,1.4059e+06,-11.266
13.235,1.4059e+06,-11.075
13.24,1.4059e+06,-10.883
13.25,1.4059e+06,-10.806
13.26,1.4058e+06,-10.691
13.27,1.4058e+06,-10.691
13.278,1.4057e+06,-10.937
13.28,1.4058e+06,-10.998
13.29,1.4059e+06,-10.691
13.3,1.406e+06,-10.691
13.31,1.4062e+06,-10.998
13.32,1.4063e+06,-10.998
13.321,1.4063e+06,-10.986
13.33,1.4064e+06,-10.883
13.34,1.4066e+06,-10.883
13.35,1.4067e+06,-10.883
13.36,1.4069e+06,-10.806
13.364,1.4069e+06,-10.76
13.37,1.4068e+06,-10.691
13.38,1.4067e+06,-10.883
13.39,1.4066e+06,-11.151
13.4,1.4064e+06,-11.381
13.407,1.4063e+06,-11.301
13.41,1.4064e+06,-11.266
13.42,1.4067e+06,-11.266
13.43,1.407e+06,-11.266
13.44,1.4072e+06,-10.883
13.449,1.4075e+06,-11.124
13.45,1.4075e+06,-11.151
13.46,1.4075e+06,-10.883
13.47,1.4075e+06,-11.151
13.48,1.4074e+06,-11.266
13.49,1.4074e+06,-11.458
13.492,1.4074e+06,-11.442
13.5,1.4074e+06,-11.381
13.51,1.4074e+06,-11.381
13.52,1.4073e+06,-11.458
13.53,1.4073e+06,-10.883
13.535,1.4073e+06,-10.94
13.54,1.4073e+06,-10.998
13.55,1.4073e+06,-10.883
13.56,1.4074e+06,-11.151
13.57,1.4074e+06,-10.998
13.578,1.4074e+06,-10.998
13.58,1.4074e+06,-10.998
13.59,1.4074e+06,-10.806
13.6,1.4074e+06,-10.998
13.61,1.4074e+06,-10.998
13.62,1.4074e+06,-10.691
13.621,1.4074e+06,-10.703
13.63,1.4075e+06,-10.806
13.64,1.4077e+06,-10.883
13.65,1.4078e+06,-11.151
13.66,1.4079e+06,-11.151
13.666,1.408e+06,-11.22
13.67,1.408e+06,-11.266
13.68,1.4082e+06,-11.151
13.68,1.4082e+06,-11.151
13.69,1.4083e+06,-11.151
13.709,1.4085e+06,-11.151
13.71,1.4085e+06,-11.151
13.72,1.4086e+06,-11.151
13.72,1.4086e+06,-11.151
13.73,1.4088e+06,-11.381
13.74,1.4089e+06,-10.998
13.75,1.409e+06,-10.806
13.752,1.4091e+06,-10.845
13.76,1.4091e+06,-10.998
13.77,1.4091e+06,-10.883
13.78,1.4091e+06,-10.883
13.79,1.4091e+06,-11.151
13.795,1.4091e+06,-11.075
13.8,1.409e+06,-10.998
13.81,1.4089e+06,-10.998
13.82,1.4087e+06,-10.883
13.83,1.4086e+06,-11.266
13.838,1.4085e+06,-11.052
13.84,1.4085e+06,-10.998
13.85,1.4086e+06,-10.998
13.86,1.4086e+06,-10.806
13.87,1.4087e+06,-10.883
13.88,1.4088e+06,-11.266
13.881,1.4088e+06,-11.266
13.89,1.409e+06,-11.266
13.9,1.4092e+06,-11.266
13.91,1.4094e+06,-11.151
13.92,1.4097e+06,-10.998
13.924,1.4098e+06,-10.998
13.93,1.4097e+06,-10.998
13.94,1.4095e+06,-11.266
13.95,1.4093e+06,-10.883
13.96,1.4091e+06,-11.266
13.967,1.409e+06,-11.078
13.97,1.409e+06,-10.998
13.98,1.4092e+06,-10.998
13.99,1.4093e+06,-10.883
14,1.4094e+06,-10.806
14.01,1.4096e+06,-10.883
14.02,1.4095e+06,-10.883
14.03,1.4094e+06,-11.151
14.04,1.4094e+06,-10.998
14.05,1.4093e+06,-11.151
14.053,1.4093e+06,-11.186
14.06,1.4093e+06,-11.266
14.07,1.4094e+06,-11.381
14.08,1.4095e+06,-10.998
14.09,1.4096e+06,-11.266
14.096,1.4097e+06,-11.266
14.1,1.4097e+06,-11.266
14.11,1.4097e+06,-11.266
14.12,1.4098e+06,-11.151
14.13,1.4098e+06,-11.151
14.138,1.4099e+06,-11.151
14.14,1.4099e+06,-11.151
14.15,1.4099e+06,-11.151
14.16,1.4099e+06,-10.883
14.17,1.4099e+06,-11.151
14.18,1.4099e+06,-10.998
14.181,1.4099e+06,-11.025
14.19,1.4099e+06,-11.266
14.2,1.4099e+06,-11.458
14.21,1.4099e+06,-11.266
14.22,1.4099e+06,-10.998
14.227,1.41e+06,-11.105
14.23,1.41e+06,-11.151
14.24,1.41e+06,-11.151
14.25,1.41e+06,-10.998
14.26,1.41e+06,-10.883
14.27,1.41e+06,-10.998
14.28,1.4098e+06,-11.381
14.29,1.4097e+06,-11.381
14.3,1.4096e+06,-10.998
14.31,1.4094e+06,-11.266
14.313,1.4094e+06,-11.186
14.32,1.4094e+06,-10.998
14.33,1.4094e+06,-11.151
14.34,1.4094e+06,-10.883
14.35,1.4094e+06,-11.151
14.356,1.4094e+06,-11.22
