time,altitude,acceleration
2420,-0.252288990034,-0.031
2648,0.0840881650131,-0.025
2875,-7.14434223426e-06,-0.016
3156,0.0840881650131,-0.028
3387,-0.0841017732936,-0.004
3620,0.168184154787,-0.025
3849,-0.252288990034,-0.031
4116,-7.14434223426e-06,-0.014
4361,0.168184154787,-0.012
4584,0.92507868351,-0.006
4812,0.588674310327,-0.021
5042,0.0840881650131,-0.009
5265,-7.14434223426e-06,-0.011
5491,0.504574918287,-0.006
5716,0.588674310327,-0.031
5887,0.588674310327,-0.008
6123,1.09328495329,-0.016
6359,0.25228082499,-0.031
6589,0.672774382854,-0.014
6839,0.92507868351,-0.018
7073,0.504574918287,-0.034
7301,0.588674310327,-0.028
7531,0.25228082499,-0.003
7759,0.588674310327,-0.024
7987,-7.14434223426e-06,-0.014
8221,0.0840881650131,-0.028
8452,1.09328495329,-0.034
8675,0.588674310327,-0.006
8899,0.504574918287,-0.043
9073,0.588674310327,-0.003
9297,0.504574918287,-0.035
9523,1.09328495329,-0.008
9746,1.09328495329,-0.039
9976,-7.14434223426e-06,-0.003
10241,0.0840881650131,-0.021
10462,0.672774382854,-0.006
10685,0.672774382854,-0.014
10905,0.0840881650131,-0.021
11154,0.504574918287,-0.018
11376,0.168184154787,-0.019
11596,0.504574918287,-0.025
11820,0.840976569436,-0.002
12042,0.0840881650131,-0.024
12262,0.168184154787,-0.004
12435,0.588674310327,-0.028
12656,0.0840881650131,-0.031
12887,-7.14434223426e-06,-0.014
13112,-7.14434223426e-06,-0.004
13355,0.588674310327,-0.027
13582,-0.168195721856,-0.016
13837,0.0840881650131,-0.019
14105,0.0840881650131,-0.002
14331,-0.0841017732936,-0.025
14558,-0.0841017732936,-0.016
14790,0.588674310327,-0.024
15016,0.504574918287,-0.002
15252,-0.252288990034,-0.031
15480,-0.168195721856,-0.013
15713,0.168184154787,-0.019
15892,-7.14434223426e-06,-0.031
16121,0.168184154787,-0.004
16344,-0.168195721856,-0.027
16563,0.0840881650131,-0.006
16783,0.588674310327,-0.028
17005,-0.336381577847,-0.004
17241,0.168184154787,-0.025
17462,0.168184154787,-0.008
17685,0.168184154787,-0.028
17914,-0.0841017732936,-0.004
18145,0.168184154787,-0.031
18421,0.168184154787,-0.009
18653,0.168184154787,-0.008
18886,1.00918147812,-0.027
19070,0.25228082499,-0.004
19324,0.168184154787,-0.016
19554,0.168184154787,-0.014
19793,1.09328495329,-0.028
20025,0.504574918287,-0.007
20255,0.756875135889,-0.018
20485,0.504574918287,-0.014
20715,0.504574918287,-0.004
20946,0.504574918287,-0.013
21199,0.588674310327,-0.016
21437,0.0840881650131,-0.028
21667,0.504574918287,-0.013
21899,0.25228082499,-0.024
22133,0.840976569436,-0.021
22370,0.588674310327,-0.002
22633,1.09328495329,-0.014
22860,-0.252288990034,-0.011
23086,0.25228082499,-0.027
23318,0.840976569436,-0.019
23547,0.504574918287,-0.024
23778,0.0840881650131,-0.035
24010,0.168184154787,-0.003
24239,0.168184154787,-0.028
24467,0.0840881650131,-0.008
24695,0.0840881650131,-0.027
24925,0.504574918287,-0.019
25153,0.92507868351,-0.003
25404,0.92507868351,-0.028
25596,1.00918147812,-0.018
25823,0.168184154787,-0.025
26050,0.840976569436,-0.005
26277,0.168184154787,-0.022
26520,0.92507868351,-0.014
26746,-7.14434223426e-06,-0.006
26974,0.168184154787,-0.028
27202,0.25228082499,-0.002
27439,0.672774382854,-0.028
27670,-7.14434223426e-06,-0.019
27896,-0.0841017732936,-0.004
28124,0.168184154787,-0.028
28350,0.588674310327,-0.016
28577,-0.336381577847,-0.021
28789,0.168184154787,-0.009
28962,-0.168195721856,-0.019
29192,0.588674310327,-0.016
29416,-7.14434223426e-06,-0.021
29643,0.168184154787,-0.002
29869,0.168184154787,-0.024
30097,0.672774382854,-0.006
30323,0.756875135889,-0.025
30561,0.168184154787,-0.011
30788,0.0840881650131,-0.004
31042,-7.14434223426e-06,-0.028
31280,0.168184154787,-0.031
31542,-0.0841017732936,-0.021
31771,-0.420473485306,-0.025
31996,0.0840881650131,-0.011
32221,-0.0841017732936,-0.028
32447,-0.504564712425,-0.025
32674,0.168184154787,-0.019
32901,-0.420473485306,-0.011
33127,0.0840881650131,-0.016
33357,0.25228082499,-0.021
33601,-7.14434223426e-06,-0.004
33827,-0.252288990034,-0.025
34058,0.588674310327,-0.019
34288,0.504574918287,-0.003
34514,0.672774382854,-0.028
34742,0.756875135889,-0.007
34943,0.168184154787,-0.022
35171,-0.168195721856,-0.021
35400,-0.0841017732936,-0.014
35657,0.672774382854,-0.019
35929,-0.168195721856,-0.006
36164,0.0840881650131,-0.011
36394,0.672774382854,-0.011
36624,-0.168195721856,-0.016
36855,-0.0841017732936,-0.016
37084,-0.420473485306,-0.001
37312,0.0840881650131,-0.021
37540,-0.168195721856,-0.009
37770,0.168184154787,-0.031
38003,0.0840881650131,-0.013
38232,-0.0841017732936,-0.006
38408,0.168184154787,-0.028
38639,-0.0841017732936,-0.006
38907,0.168184154787,-0.016
39176,0.588674310327,-0.011
39433,0.504574918287,-0.031
39663,-7.14434223426e-06,-0.031
39897,-7.14434223426e-06,-0.011
40130,0.168184154787,-0.004
40407,-7.14434223426e-06,-0.024
40636,0.672774382854,-0.011
40905,0.840976569436,-0.016
41133,0.672774382854,-0.009
41359,0.756875135889,-0.028
41585,-7.14434223426e-06,-0.014
41787,-7.14434223426e-06,-0.019
42016,0.168184154787,-0.031
42249,0.25228082499,-0.028
42478,-7.14434223426e-06,-0.009
42706,0.0840881650131,-0.031
42956,0.756875135889,-0.011
43185,0.168184154787,-0.005
43412,0.0840881650131,-0.008
43658,-0.0841017732936,-0.024
43886,0.588674310327,-0.009
44114,0.588674310327,-0.024
44345,0.840976569436,-0.024
44572,1.09328495329,-0.006
44808,0.504574918287,-0.025
45037,0.756875135889,-0.014
45234,0.588674310327,-0.014
45468,0.504574918287,-0.021
45712,-0.420473485306,-0.025
45950,0.756875135889,-0.027
46182,0.0840881650131,-0.006
46407,0.672774382854,-0.021
46633,0.588674310327,-0.009
46863,0.588674310327,-0.019
47095,-0.252288990034,-0.016
47326,0.588674310327,-0.019
47558,0.672774382854,-0.019
47793,0.504574918287,-0.016
48025,0.840976569436,-0.003
48256,0.0840881650131,-0.028
48451,-0.252288990034,-0.031
48682,0.588674310327,-0.009
48910,0.168184154787,-0.019
49139,0.672774382854,-0.035
49367,-0.336381577847,-0.006
49594,0.25228082499,-0.021
49822,0.0840881650131,-0.011
50052,0.756875135889,-0.019
50324,0.25228082499,-0.021
50556,0.504574918287,-0.011
50796,0.25228082499,-0.018
51027,0.168184154787,-0.009
51257,0.0840881650131,-0.025
51486,-0.0841017732936,-0.027
51717,-0.252288990034,-0.004
51892,0.168184154787,-0.028
52122,0.840976569436,-0.008
52349,0.756875135889,-0.025
52581,0.588674310327,-0.019
52809,0.168184154787,-0.002
53037,-7.14434223426e-06,-0.021
53265,-0.504564712425,-0.009
53491,0.840976569436,-0.031
53719,0.504574918287,-0.006
53947,-0.0841017732936,-0.014
54182,0.588674310327,-0.014
54411,-0.168195721856,-0.003
54640,0.25228082499,-0.016
54869,0.25228082499,-0.006
55109,0.588674310327,-0.013
55295,0.168184154787,-0.028
55493,0.672774382854,-0.014
55719,-0.504564712425,-0.009
55944,0.672774382854,-0.031
56174,0.504574918287,-0.019
56399,-7.14434223426e-06,-0.006
56636,0.168184154787,-0.024
56856,-0.504564712425,-0.009
57082,-0.336381577847,-0.024
57303,0.0840881650131,-0.014
57529,0.840976569436,-0.034
57755,0.168184154787,-0.007
57997,0.588674310327,-0.025
58223,0.504574918287,-0.019
58450,0.25228082499,-0.006
58625,0.168184154787,-0.019
58846,-7.14434223426e-06,-0.004
59081,0.25228082499,-0.016
59313,0.168184154787,-0.014
59582,0.25228082499,-0.028
59808,0.0840881650131,-0.011
60046,0.504574918287,-0.035
60274,0.504574918287,-0.019
60499,0.0840881650131,-0.006
60726,0.0840881650131,-0.035
60954,0.840976569436,-0.016
61185,0.25228082499,-0.031
61411,0.588674310327,-0.028
61635,0.504574918287,-0.019
61861,0.168184154787,-0.021
62047,-7.14434223426e-06,-0.011
62288,0.504574918287,-0.031
62521,0.168184154787,-0.028
62747,0.672774382854,-0.003
62996,0.672774382854,-0.021
63224,0.25228082499,-0.024
63451,0.504574918287,-0.009
63677,0.168184154787,-0.025
63904,0.840976569436,-0.011
64157,0.504574918287,-0.031
